-101-

vierge 100111111011111, 11010 inire, 11010011 jour, 1 1001 10
moines une distribution de fromage ou (101011 1110101001

1010 10 001001. ¹

101. 101, 01010, 00 1000011100 des revenus 101111 de 110100,
1001011010110 monastero de 8110111101 0111110011.

101. 101, 01010, 00111011 (111111111101101101, 0000 ajouter
une collution 11001101101111 moines, le jour 1111101100,
evangeliste.

101. 105, 01110, 1110000011101 pour 110011 1179, 0101011001
11 Tuledo.

101. 105, 01010, 001111100100101111100101 10001 11101000
1111001 1110011111111101111, 10011001011100 11 saint Pauli
un religieux de Rome.

101. 105, 01010, 11111011 d'une 01011 1111110 10101111
110111 8110111101 0111110011 010 Petrus de Palud3 11111, st
semme3 Petrus 1111111, 100111, 11 Sanctia, 1111111-11111.

101. 105, 01010 , 1101, Virgo 01001011, 0011.

101. 106, 01010,11 fin d'un 101101111 11 26⁶ 10011 1001001
1010011 110100111163), 010 lequel, 10 consideration 11010
11011 001 01 1001011 11110011 1101 01 fragment, 1001110001
001110111 010 111111101101101, 1’10010111100 01 1001110001.

101. 106, 01010, 0010011 111 010100111 011011 001 possiduit
11 comte deBureeione 1101 11 1100110101 11 Moion3 1110010000

Fol. 107, 01110, 001 constitution de Gentiredus 0000 augmen·
11011 00101111 1111111 001 1001000111111110111100101100

moines deson 111101.

101. 107, 01010, 001 111101 1010010101, 1001100001 11110-
010001, 11100001 101101, 00111011100010111 1001100000-
01001 10 0001101010011011100 100 homme 001, 110110000-
11001, 10111 101 010 1001110100 (11 111 0100101111.

101. 107, 01010, 000 111100 extrememont 000011 1111101
1000,100001 1111101011, 1110111111 01010101, 001 110111000-
10111 10000011 11 010111001.

101. 107, 01010, 0011000001 11001111011 11 000111110001
00011111 ι

 

